10165
10166
10175
10176
10687
10811
10817
10819
10828
10836
10837
10840
6279
6332
6338
6348
6359
6368
6370
6386
6393
6395
6397
6413
6421
6426
6430
6437
6447
6454
6455
6458
6459
6463
6464
6465
6477
6478
6512
6535
6540
6549
6555
6556
6564
6585
6586
6589
6595
6600
6614
6615
6618
6623
6628
6646
6649
6651
6656
6667
6682
6692
6693
6703
6704
6706
6707
6716
6727
6731
6734
6735
6742
6747
6750
6773
6788
6792
6802
6804
6808
6812
6824
6829
6832
6836
6838
6839
6842
6843
6854
6855
6860
6918
6919
6924
6938
6953
6955
6960
6964
6978
6982
6994
6997
6999
7003
7010
7014
7018
7024
7033
7039
7046
7049
7050
7051
7053
7064
7071
7072
7077
7078
7081
7083
7088
7098
7100
7102
7103
7109
7124
7128
7146
7160
7162
7170
7178
7183
7184
7185
7192
7195
7199
7202
7214
7219
7225
7238
7240
7243
7261
7266
7267
7273
7282
7289
7298
7317
7321
7325
7330
7331
7332
7357
7362
7364
7372
7405
7414
7418
7428
7434
7463
7466
7473
7485
7488
7523
7524
7546
7556
7571
7587
7594
7646
7650
7654
7671
7672
7674
7675
7692
7697
7706
7709
7711
7712
7713
7717
7718
7721
7724
7726
7727
7749
7751
7752
7754
7764
7774
7775
7789
7791
7801
7802
7806
7808
7815
7820
7825
7829
7831
7852
7862
7867
7872
7879
7882
7884
7893
7901
7907
7909
7914
7917
7918
7920
7925
7929
7931
7944
7965
7967
7972
7973
7980
7982
7998
7999
8005
8009
8015
8033
8051
8057
8060
8061
8063
8068
8074
8075
8086
8087
8094
8096
8101
8102
8106
8117
8119
8130
8137
8141
8146
8153
8157
8159
8161
8165
8172
8176
8185
8210
8212
8217
8229
8232
8242
8243
8244
8247
8264
8267
8269
8286
8288
8306
8317
8319
8322
8334
8336
8342
8350
8351
8355
8361
8379
8385
8386
8387
8388
8394
8398
8405
8407
8408
8412
8415
8422
8424
8426
8429
8437
8443
8472
8475
8479
8482
8488
8500
8510
8522
8524
8529
8538
8550
8556
8594
8597
8600
8603
8638
8658
8775
8786
8794
8800
8802
8805
8807
8809
8822
8859
8895
8911
8924
8928
8929
8940
8956
8957
8962
8966
8967
8971
8977
9000
9003
9022
9027
9036
9040
9050
9061
9066
9069
9070
9080
9083
9086
9093
9095
9106
9278
9287
9343
9345
9351
9365
9722
9723
9724
9725
9876
9884
9925
