10168
10170
10171
10172
10179
10180
10181
10182
10184
10300
10566
10806
10810
10818
10820
10821
10825
10826
10827
10834
10835
10841
11723
6287
6334
6335
6340
6341
6344
6346
6347
6350
6351
6352
6354
6358
6360
6361
6363
6364
6365
6367
6369
6372
6373
6374
6375
6376
6379
6381
6384
6385
6387
6388
6398
6399
6402
6403
6404
6407
6408
6409
6411
6414
6415
6416
6422
6424
6427
6431
6433
6435
6438
6442
6443
6444
6446
6450
6451
6453
6456
6457
6460
6461
6462
6466
6469
6481
6484
6486
6492
6496
6498
6499
6501
6504
6505
6506
6509
6510
6513
6516
6520
6523
6525
6526
6527
6528
6530
6531
6533
6534
6537
6538
6541
6542
6543
6544
6546
6548
6552
6559
6560
6563
6565
6566
6569
6573
6574
6580
6584
6588
6591
6592
6597
6601
6603
6608
6610
6613
6616
6617
6620
6622
6625
6627
6633
6635
6639
6640
6643
6644
6645
6647
6648
6652
6654
6655
6657
6658
6660
6662
6664
6666
6668
6670
6673
6675
6676
6678
6681
6685
6686
6687
6689
6701
6708
6710
6711
6712
6713
6714
6715
6719
6728
6732
6736
6737
6738
6739
6743
6745
6746
6748
6749
6754
6755
6756
6760
6762
6763
6764
6770
6772
6776
6779
6783
6787
6789
6790
6793
6797
6798
6799
6800
6803
6805
6806
6807
6810
6813
6814
6818
6819
6820
6826
6830
6833
6846
6849
6851
6852
6853
6857
6858
6859
6890
6891
6899
6900
6901
6902
6904
6908
6909
6911
6913
6914
6922
6926
6928
6929
6930
6931
6933
6934
6935
6936
6939
6940
6941
6943
6945
6946
6947
6956
6957
6965
6966
6967
6968
6969
6970
6971
6972
6974
6976
6981
6985
6986
6992
6993
6995
6996
6998
7000
7006
7007
7008
7009
7011
7015
7017
7021
7022
7025
7026
7027
7028
7036
7037
7038
7043
7044
7045
7047
7055
7059
7061
7065
7070
7073
7075
7079
7082
7086
7087
7090
7091
7094
7096
7097
7107
7108
7110
7115
7118
7121
7122
7123
7125
7127
7130
7131
7132
7136
7142
7144
7147
7151
7156
7157
7161
7163
7164
7165
7167
7168
7171
7174
7175
7176
7177
7179
7181
7182
7186
7187
7188
7189
7193
7194
7201
7205
7209
7210
7211
7212
7221
7222
7226
7227
7229
7230
7235
7236
7239
7242
7244
7245
7247
7251
7252
7256
7257
7258
7263
7264
7265
7270
7271
7272
7278
7285
7287
7288
7290
7292
7293
7299
7304
7305
7306
7310
7311
7312
7313
7314
7316
7318
7319
7322
7324
7328
7335
7336
7340
7344
7345
7353
7354
7356
7363
7366
7374
7375
7377
7410
7412
7422
7426
7427
7429
7430
7436
7438
7439
7440
7445
7448
7449
7451
7452
7453
7454
7458
7459
7460
7462
7465
7467
7469
7472
7474
7475
7477
7481
7487
7489
7520
7521
7522
7525
7526
7542
7545
7547
7548
7552
7557
7559
7560
7566
7567
7568
7573
7574
7575
7579
7580
7582
7585
7589
7596
7597
7600
7601
7602
7603
7606
7609
7612
7614
7641
7643
7645
7648
7653
7655
7659
7661
7662
7664
7665
7673
7677
7678
7680
7681
7682
7685
7686
7688
7691
7693
7696
7700
7702
7703
7704
7705
7707
7714
7715
7719
7720
7722
7725
7728
7729
7731
7735
7736
7737
7739
7746
7748
7750
7753
7756
7760
7761
7765
7766
7767
7768
7770
7776
7777
7778
7782
7783
7784
7786
7787
7788
7792
7795
7796
7798
7800
7807
7809
7810
7814
7816
7818
7827
7828
7830
7832
7833
7834
7837
7841
7842
7843
7844
7845
7847
7848
7849
7855
7857
7858
7859
7861
7864
7865
7868
7869
7871
7873
7875
7878
7883
7890
7892
7894
7895
7896
7902
7905
7908
7910
7916
7919
7922
7923
7924
7932
7933
7934
7939
7945
7947
7948
7949
7950
7951
7952
7953
7954
7958
7959
7962
7963
7966
7971
7974
7975
7977
7979
7981
7987
7989
7996
8000
8001
8002
8003
8008
8010
8011
8013
8014
8016
8020
8024
8029
8030
8032
8034
8037
8038
8039
8042
8043
8044
8045
8046
8047
8049
8052
8053
8055
8056
8059
8065
8070
8072
8077
8080
8081
8082
8083
8085
8089
8090
8091
8093
8095
8098
8099
8107
8108
8109
8110
8116
8118
8121
8122
8129
8131
8132
8133
8134
8135
8138
8139
8142
8143
8145
8148
8149
8150
8151
8152
8158
8164
8166
8167
8168
8173
8174
8175
8177
8182
8184
8190
8192
8193
8196
8197
8200
8202
8205
8206
8207
8208
8216
8221
8222
8223
8224
8225
8226
8227
8228
8230
8231
8234
8235
8236
8240
8241
8245
8248
8249
8251
8252
8253
8255
8256
8260
8261
8265
8271
8272
8274
8275
8276
8277
8278
8280
8281
8282
8284
8294
8297
8298
8299
8304
8305
8311
8312
8313
8315
8318
8320
8321
8326
8330
8335
8344
8345
8347
8348
8352
8354
8357
8359
8366
8368
8369
8370
8371
8374
8375
8380
8381
8382
8389
8390
8392
8393
8400
8403
8404
8406
8409
8410
8411
8413
8416
8417
8418
8419
8420
8423
8425
8427
8430
8431
8432
8433
8436
8438
8442
8445
8463
8464
8465
8469
8470
8473
8477
8480
8481
8483
8484
8485
8487
8490
8491
8492
8493
8496
8497
8498
8501
8502
8504
8506
8507
8508
8512
8515
8516
8517
8520
8521
8526
8527
8528
8531
8535
8536
8539
8540
8545
8546
8547
8548
8551
8552
8553
8555
8560
8586
8587
8588
8589
8590
8593
8598
8599
8604
8605
8615
8659
8770
8774
8777
8783
8785
8791
8796
8798
8799
8801
8803
8804
8816
8817
8818
8820
8821
8823
8833
8879
8886
8900
8901
8904
8905
8906
8907
8909
8910
8914
8915
8916
8917
8918
8921
8922
8923
8925
8927
8931
8932
8933
8935
8938
8943
8947
8951
8952
8953
8955
8958
8960
8963
8965
8968
8969
8970
8973
8974
8975
8978
8980
8982
8984
8986
8987
8994
8995
8996
8998
9007
9008
9010
9011
9015
9017
9019
9023
9025
9026
9028
9029
9030
9033
9034
9039
9043
9047
9049
9052
9053
9059
9062
9063
9064
9065
9071
9072
9073
9074
9075
9076
9077
9078
9079
9081
9084
9085
9087
9088
9089
9090
9091
9094
9098
9099
9100
9101
9103
9104
9105
9108
9110
9115
9116
9144
9162
9346
9349
9353
9366
9459
9511
9513
9514
9538
9546
9558
9718
9795
9796
9797
9874
9875
9877
9879
9880
9885
9887
9890
9892
9894
9895
9896
9897
9898
